17
37
41
42
46
50
54
58
77
86
87
88
89
90
91
92
93
94
95
97
98
99
100
101
102
103
104
105
113
114
115
117
119
122
123
124
125
126
128
130
131
132
133
134
135
136
137
138
141
143
146
149
150
151
152
155
156
157
159
184
192
414
422
527
724
733
734
744
746
751
759
761
763
784
787
788
806
808
813
823
836
842
855
862
875
876
877
883
894
895
896
898
900
901
902
903
905
906
907
908
909
913
917
930
931
941
951
956
958
960
961
964
965
966
967
968
973
974
975
976
980
985
986
989
992
994
996
997
1002
1004
1014
1016
1017
1018
1020
1021
1022
1023
1024
1025
1026
1027
1028
1029
1030
1031
1032
1033
1034
1035
1036
1037
1038
1041
1042
1043
1044
1046
1047
1048
1049
1052
1053
1057
1058
1061
1063
1072
1078
1082
1084
1085
1086
1087
1088
1089
1090
1091
1092
1093
1095
1096
1099
1100
1101
1102
1105
1108
1109
1111
1112
1113
1114
1115
1119
1122
1123
1124
1125
1128
1133
1134
1136
1138
1139
1141
1144
1146
1149
1150
1151
1157
1162
1163
1164
1165
1166
1167
1170
1174
1179
1184
1186
1189
1192
1193
1205
1222
1224
1228
1229
1231
1232
1238
1239
1243
1244
1245
1246
1250
1253
1254
1255
1258
1259
1262
1266
1267
1268
1269
1272
1279
1281
1298
1311
1312
1313
1321
1323
1324
1326
1328
1332
1334
1335
1339
1341
1350
1352
1354
1356
1363
1371
1379
1385
1386
1389
1392
1397
1398
1401
1402
1403
1424
1432
1435
1444
1450
1472
1487
1492
1500
1508
1527
1533
1534
1535
1536
1544
1545
1554
1559
1567
1568
1571
1574
1588
1589
1591
1597
1599
1603
1612
1619
1622
1623
1638
1641
1645
1648
1649
1651
1654
1655
1657
1658
1663
1672
1676
1681
1684
1689
1690
1691
1692
1693
1694
1695
1698
1699
1704
1707
1708
1719
1724
1736
1854
1877
1878
1880
1882
1886
1902
1911
1912
1914
1915
1918
1923
1924
1940
1948
1960
1963
1969
1977
1995
1999
2002
2003
2012
2016
2038
2045
2055
2060
2064
2070
2071
2081
2101
2103
2104
2106
2107
2115
2128
2133
2136
2161
2170
2184
2189
2191
2206
2248
2255
2273
2275
2287
2288
2301
2305
2306
2322
2323
2324
2325
2363
2377
2404
2405
2410
2412
2413
2415
2441
2442
2443
2444
2461
2462
2477
2478
2481
2482
2483
2484
2485
2486
2487
2496
2497
2498
2499
2500
2501
2502
2503
2513
2517
2518
2543
2548
2550
2554
2573
2574
2586
2588
2593
2594
2595
2596
2599
2600
2602
2604
2605
2638
2647
2655
2664
2668
2679
2680
2681
2682
2683
2684
2685
2686
2687
2692
2693
2705
2715
2723
2755
2761
2762
2767
2789
2790
2791
2792
2793
2794
2795
2803
2804
2808
2810
2811
2812
2814
2826
2833
2888
2891
2894
2896
2918
2920
2921
2922
2927
2929
2931
2932
2935
2936
2937
2945
2946
2947
2948
2952
2993
2994
2995
3001
3003
3004
3005
3007
3015
3016
3031
3032
3034
3038
3043
3044
3046
3050
3051
3052
3054
3059
3060
3061
3062
3063
3064
3068
3077
3088
3089
3090
3091
3092
3093
3094
3095
3096
3097
3098
3099
3100
3101
3102
3104
3105
3106
3107
3108
3109
3111
3112
3113
3114
3115
3116
3118
3119
3120
3121
3122
3123
3124
3125
3126
3127
3128
3129
3130
3131
3132
3133
3134
3135
3136
3137
3138
3139
3140
3141
3142
3143
3144
3145
3146
3147
3148
3149
3150
3159
3168
3172
3215
3219
3220
3221
3222
3226
3232
3242
3243
3244
3245
3246
3247
3249
3260
3267
3268
3269
3271
3298
3316
3320
3333
3338
3359
3368
3398
3410
3436
3441
3448
3459
3463
3479
3500
3501
3503
3504
3507
3512
3513
3516
3519
3523
3524
3525
3532
3534
3536
3539
3540
3543
3544
3548
3549
3557
3568
3579
3580
3584
3624
3646
3648
3658
3659
3660
3662
3663
3664
3665
3666
3675
3677
3686
3687
3700
3703
3705
3706
3707
3709
3713
3726
3727
3728
3729
3738
3744
3746
3762
3767
3768
3770
3771
3772
3773
3774
3776
3777
3790
3865
3878
3881
3883
3884
3885
3886
3887
3888
3895
3896
3903
3927
3933
3934
3952
3953
3954
3955
3956
3957
3958
3959
3977
3978
3979
3980
3981
3982
3983
3984
3988
3991
4008
4009
4010
4011
4012
4013
4014
4015
4081
4094
4110
4111
4116
4122
4141
4142
4143
4144
4145
4146
4147
4148
4149
4150
4151
4152
4153
4154
4155
4156
4157
4158
4159
4160
4161
4162
4163
4164
4165
4166
4167
4168
4169
4170
4171
4172
4173
4174
4175
4176
4177
4178
4179
4180
4181
4182
4183
4184
4185
4186
4187
4188
4189
4191
4192
4193
4196
4198
4199
4200
4201
4202
4203
4204
4205
4206
4207
4208
4209
4210
4211
4212
4213
4214
4215
4216
4217
4218
4219
4220
4221
4222
4223
4224
4225
4226
4227
4228
4229
4230
4266
4267
4268
4269
4270
4271
4272
4273
4274
4275
4276
4277
4278
4279
4280
4281
4282
4283
4284
4285
4286
4287
4288
4295
4340
4341
4342
4418
4420
4423
4427
4431
4442
4451
4452
4457
4470
4471
4475
4486
4501
4523
4524
4536
4537
4538
4539
4540
4541
4542
4544
4572
4573
4574
4578
4579
4592
4593
4594
4595
4599
4600
4601
4602
4604
4605
4606
4607
4608
4617
4618
4619
4620
4631
4642
4651
4656
4657
4664
4667
4670
4673
4679
4682
4685
4688
4691
4703
4704
4730
4749
4750
4754
4760
4761
4762
4763
4764
4773
4774
4785
4791
4811
4812
4815
4839
4842
4851
4853
4855
4856
4857
4858
4868
4884
4885
4889
4899
4900
4901
4902
4912
4927
4930
4934
4943
4950
4955
4956
4959
4965
4981
4985
4988
4989
4990
4996
4997
5004
5005
5008
5010
5013
5024
5028
5031
5032
5033
5034
5035
5036
5037
5039
5041
5043
5044
5053
5056
5057
5066
5070
5088
5090
5091
5095
5105
5106
5108
5126
5127
5129
5130
5131
5132
5139
5141
5142
5144
5145
5146
5147
5148
5149
5150
5151
5152
5153
5154
5155
5156
5157
5158
5159
5160
5161
5162
5163
5171
5184
5220
5222
5224
5225
5226
5228
5229
5230
5231
5232
5235
5255
5259
5265
5277
5281
5283
5289
5290
5294
5295
5296
5297
5298
5307
5308
5330
5331
5333
5342
5348
5349
5350
5352
5353
5358
5362
5363
5364
5365
5367
5370
5371
5372
5377
5378
5379
5384
5389
5400
5407
5408
5409
5410
5417
5418
5428
5434
5435
5436
5438
5441
5449
5450
5452
5453
5454
5455
5472
5473
5474
5476
5477
5478
5479
5480
5495
5497
5501
5507
5509
5510
5511
5512
5513
5515
5517
5518
5522
5525
5526
5527
5531
5533
5545
5546
5548
5549
5550
5551
5552
5553
5554
5555
5556
5557
5558
5559
5560
5561
5562
5563
5564
5600
5603
5607
5625
5632
5639
5644
5645
5646
5647
5648
5649
5650
5651
5652
5653
5654
5658
5660
5661
5662
5663
5666
5667
5670
5671
5672
5673
5674
5676
5677
5678
5679
5680
5681
5682
5683
5684
5685
5688
5696
5697
5698
5699
5700
5701
5702
5703
5704
5705
5706
5707
5708
5709
5710
5711
5712
5713
5714
5715
5716
5719
5720
5721
5722
5723
5724
5725
5726
5727
5728
5729
5730
5748
5768
5769
5779
5821
5822
5823
5824
5828
5833
5845
5859
5863
5874
5875
5878
5896
5897
5953
5954
5968
6036
6038
6089
6090
6128
6130
6131
6132
6133
6141
6142
6143
6150
6174
6182
6183
6213
6221
6225
6227
6232
6255
6260
6261
6276
6277
6278
6279
6280
6283
6284
6285
6287
6288
6290
6291
6292
6294
6295
6297
6299
6301
6307
6309
6310
6311
6316
6351
6352
6353
6354
6355
6356
6357
6358
6359
6360
6363
6364
6366
6435
6454
6455
6478
6488
6489
6490
6491
6492
6493
6494
6495
6496
6497
6498
6500
6501
6516
6522
6530
6535
6544
6589
6606
6619
6620
6621
6623
6639
6643
6645
6647
6648
6649
6650
6651
6657
6673
6674
6706
6715
6717
6718
6754
6766
6768
6769
6770
6771
6772
6775
6776
6777
6778
6779
6807
6827
6834
6887
6888
6890
6896
6897
6916
6927
6929
6931
6951
6988
6994
6999
7006
7066
7097
7134
7135
7147
7167
7168
7169
7170
7171
7186
7187
7188
7190
7206
7208
7228
7246
7248
7268
7271
7286
7287
7295
7299
7333
7392
7426
7427
7428
7464
7466
7467
7497
7547
7548
7550
7612
7676
7677
7679
7680
7681
7706
7707
7716
7725
7732
7733
7737
7748
7769
7770
7771
7806
7807
7808
7826
7867
7923
7940
7948
7949
7950
7951
7952
7953
7962
7970
8007
8008
8072
8075
8076
8077
8078
8079
8147
8164
8166
8171
8243
8323
8350
8364
8365
8366
8368
8383
8425
8426
8427
8523
8527
8543
8546
8583
8585
8586
8589
8590
8623
8627
8628
8630
8633
8684
8688
8704
8705
8706
8708
8743
8744
8745
8756
8757
8758
8759
8760
8761
8762
8763
8764
8765
8767
8768
8769
8770
8771
8772
8773
8774
8775
8776
8777
8778
8779
8780
8781
8782
8783
8784
8785
8786
8787
8788
8789
8790
8791
8792
8793
8794
8795
8796
8797
8798
8799
8800
8801
8802
8803
8804
8805
8806
8807
8808
8809
8810
8811
8812
8813
8814
8815
8816
8817
8818
8819
8820
8821
8822
8823
8824
8825
8826
8828
8829
8830
8832
8833
8834
8835
8837
8841
8842
8843
8844
8847
8848
8849
8850
8851
8852
8853
8854
8855
8856
8857
8858
8859
8860
8861
8862
8863
8864
8865
8866
8867
8868
8869
8870
8871
8872
8873
8874
8875
8876
8877
8878
8879
8880
8881
8882
8883
8884
8885
8886
8887
8888
8889
8890
8891
8892
8893
8894
8895
8896
8897
8898
8899
8900
8901
8902
8903
8904
8905
8906
8907
8908
8909
8910
8911
8912
8913
8914
8915
8916
8917
8918
8919
8920
8921
8922
8929
8930
8931
8933
8934
8935
8936
8937
8938
8939
8940
8941
8942
8943
8944
8945
8946
8947
8954
8955
8958
8960
8961
8962
8963
8964
8965
8966
8967
8968
8969
8970
8971
8972
8974
8975
8976
8977
8978
8979
8980
8981
8982
8983
8986
8987
8988
8989
8990
8991
8992
8993
8994
8995
8996
8997
8998
8999
9000
9001
9002
9003
9004
9005
9006
9007
9008
9009
9010
9011
9012
9013
9014
9015
9016
9017
9018
9019
9020
9021
9022
9023
9024
9025
9026
9027
9028
9029
9031
9032
9033
9034
9035
9037
9038
9039
9040
9041
9042
9043
9044
9045
9046
9047
9048
9049
9050
9051
9052
9053
9054
9055
9056
9057
9058
9059
9062
9063
9064
9065
9066
9067
9068
9069
9070
9071
9072
9073
9074
9075
9076
9077
9078
9079
9080
9081
9082
9083
9084
9085
9086
9087
9089
9090
9091
9092
9093
9094
9095
9096
9097
9098
9099
9100
9101
9102
9103
9104
9105
9123
9124
9125
9126
9127
9128
9129
9130
9131
9132
9133
9134
9135
9136
9137
9138
9139
9140
9141
9142
9143
9145
9146
9147
9148
9150
9151
9152
9156
9157
9158
9159
9160
9161
9162
9163
9164
9165
9166
9167
9168
9169
9170
9171
9174
9175
9176
9177
9178
9180
9181
9182
9183
9184
9185
9188
9190
9191
9192
9193
9194
9195
9196
9198
9199
9200
9201
9202
9203
9204
9205
9207
9208
9209
9210
9211
9212
9213
9214
9215
9216
9217
9218
9219
9220
9221
9222
9223
9225
9226
9227
9228
9229
9230
9231
9232
9239
9240
9242
9254
9260
9280
9281
9282
9284
9302
9310
9311
9316
9319
9323
9325
9330
9360
9361
9365
9372
9376
9377
9380
9417
9421
9437
9438
9439
9440
9441
9442
9443
9449
9451
9464
9484
9539
9540
9541
9549
9553
9554
9560
9561
9562
9564
9568
9575
9579
9593
9594
9595
9596
9597
9602
9653
9681
9685
9700
9701
9718
9888
10006
10037
10049
10284
10290
10419
10422
10439
10448
10449
10450
10451
10452
10453
10457
10464
10538
10539
10540
10541
10555
10579
10595
10596
10637
10648
10660
10661
10662
10664
10683
10691
10692
10693
10694
10695
10789
10790
10791
10818
10832
10841
11024
11042
11085
11100
11105
11109
11111
11126
11131
11132
11147
11148
11149
11169
11170
11182
11183
11222
11230
11264
11270
11282
11283
11312
11344
11345
11363
11364
11413
11443
11470
11482
11507
11508
11511
11512
11513
11514
11582
11584
11602
11609
11613
11616
11663
11664
11666
11667
11670
11671
11672
11673
11732
11733
11734
11736
11737
11743
11768
11806
11836
11846
11903
11938
11947
11949
11950
11951
11952
11954
12003
12064
12104
12105
12106
12107
12142
12186
12187
12188
12189
12209
12210
12211
12212
12213
12214
12215
12217
12221
12222
12224
12238
12241
12244
12245
12246
12258
12263
12302
12303
12325
12326
12327
12330
12333
12340
12347
12348
12349
12351
12353
12354
12357
12358
12362
12385
12407
12411
12412
12413
12423
12439
12441
12446
12447
12448
12449
12468
12469
12526
12563
12567
12588
12615
12616
12617
12635
12648
12649
12686
12723
12731
12740
12741
12742
12743
12750
12751
12767
12787
12789
12832
12847
12860
12861
12862
12863
12864
12865
12866
12867
12868
12869
12885
12904
12931
12943
12947
12948
12954
12961
12962
12970
12971
12972
12991
13080
13090
13092
13148
13149
13153
13155
13159
13164
13173
13175
13214
13215
13242
13247
13256
13261
13294
13315
13316
13317
13323
13324
13325
13326
13327
13328
13329
13337
13353
13355
13370
13385
13422
13449
13472
13516
13543
13546
13585
13586
13602
13603
13612
13624
13642
13643
13644
13645
13646
13647
13648
13649
13650
13651
13652
13653
13654
13655
13656
13657
13658
13659
13660
13661
13662
13663
13664
13665
13666
13667
13668
13669
13670
13671
13672
13673
13674
13675
13676
13677
13678
13679
13680
13681
13682
13683
13684
13685
13686
13687
13688
13689
13690
13691
13692
13693
13694
13695
13696
13697
13699
13700
13701
13710
13711
13712
13713
13714
13715
13716
13717
13719
13723
13726
13732
13733
13734
13752
13754
13755
13756
13758
13759
13760
13787
13790
13793
13796
13842
13843
13844
13845
13846
13847
13848
13849
13851
13874
13875
13876
13877
13878
13879
13880
13881
13882
13883
13884
13885
13886
13887
13888
13889
13890
13891
13893
13901
13902
13903
13904
13905
13906
13907
13908
13910
13911
13912
13914
13915
13916
13917
13918
13919
13927
13928
13929
13930
13931
13932
13936
13950
13985
14062
14083
14105
14118
14135
14339
14362
14363
14382
14383
14384
14385
14386
14387
14388
14389
14390
14391
14392
14393
14394
14543
14550
14556
14586
14597
14609
14645
14689
14690
14691
14692
14693
14694
14695
14696
14697
14698
14699
14700
14701
14702
14703
14704
14705
14819
14883
14884
14885
14886
14887
14888
14889
14890
14891
14892
14894
15022
15089
15102
15103
15292
15293
15326
15327
15409
15410
15415
15417
15419
15422
15423
15448
15696
15803
15843
15845
15884
15886
15888
15889
16024
16025
16026
16032
16057
16061
16062
16063
16064
16065
16066
16067
16068
16069
16070
16071
16072
16073
16074
16075
16076
16077
16078
16079
16080
16081
16086
16102
16103
16104
16105
16106
16107
16108
16109
16112
16113
16116
16117
16118
16119
16120
16121
16122
16123
16124
16125
16126
16127
16128
16129
16130
16131
16132
16133
16134
16135
16136
16137
16138
16139
16140
16141
16142
16143
16144
16145
16146
16147
16148
16149
16150
16151
16152
16153
16154
16155
16156
16157
16158
16159
16160
16161
16162
16163
16164
16165
16166
16167
16168
16169
16170
16171
16172
16173
16174
16175
16176
16177
16178
16179
16180
16181
16182
16183
16184
16185
16186
16187
16188
16211
16212
16213
16302
16315
16316
16317
16318
16319
16320
16321
16322
16323
16324
16325
16326
16327
16328
16329
16330
16331
16334
16336
16337
16339
16340
16346
16347
16348
16349
16350
16351
16352
16353
16354
16355
16356
16357
16358
16359
16360
16361
16362
16363
16364
16365
16366
16368
16369
16371
16372
16373
16374
16375
16376
16377
16378
16379
16380
16381
16382
16383
16384
16385
16386
16387
16388
16389
16390
16391
16392
16393
16396
16397
16401
16403
16405
16406
16409
16410
16413
16414
16415
16416
16417
16418
16419
16420
16421
16422
16423
16424
16425
16426
16427
16428
16429
16430
16431
16432
16433
16434
16435
16436
16485
16487
16489
16490
16491
16492
16494
16496
16498
16499
16501
16502
16503
16504
16505
16506
16507
16508
16509
16510
16513
16514
16515
16516
16518
16519
16521
16522
16523
16524
16525
16526
16527
16528
16530
16531
16642
16643
16644
16645
16646
16647
16648
16649
16650
16651
16652
16653
16654
16655
16656
16657
16664
16665
16766
16792
16892
16893
16895
16896
16967
16968
16969
16970
16971
16973
16999
17004
17010
17011
17012
17019
17024
17027
17035
17038
17041
17064
17067
17068
17075
17078
17119
17122
17126
17142
17162
17163
17182
17193
17195
17196
17197
17198
17199
17222
17223
17224
17242
17262
17302
17305
17308
17323
17324
17325
17330
17333
17342
17343
17344
17350
17353
17362
17363
17364
17402
17403
17404
17406
17407
17408
17412
17413
17414
17442
17505
17506
17507
17562
17564
17566
17567
17568
17569
17570
17571
17572
17573
17576
17577
17594
17596
17598
17599
17600
17601
17610
17611
17612
17613
17616
17617
17682
17683
17696
17729
17733
17758
17769
17782
17802
17824
17825
17826
17827
17828
17829
17830
17831
17832
17833
17834
17835
17836
17837
17838
17839
17840
17841
17842
17843
17844
17845
17846
17847
17848
17851
17852
17853
17854
17855
17856
17857
17858
17859
17860
17861
17862
17882
17883
17884
17885
17886
17887
17888
17889
17890
17891
17892
17893
17894
17895
17896
17897
17898
17899
17910
17911
17962
17963
17964
17965
17966
17967
17968
17969
17982
18002
18062
18063
18105
18106
18142
18147
18151
18153
18154
18161
18162
18163
18164
18165
18205
18229
18241
18242
18243
18244
18245
18246
18247
18248
18261
18287
18288
18303
18304
18320
18332
18333
18334
18341
18342
18357
18358
18361
18431
18433
18439
18446
18474
18492
18538
18540
18565
18566
18589
18592
18593
18599
18600
18602
18608
18609
18632
18633
18635
18636
18642
18643
18645
18654
18660
18661
18666
18667
18668
18669
18685
18695
18713
18715
18732
18733
18747
18748
18750
18751
18763
18764
18765
18768
18799
18800
18801
18813
18881
18882
18903
18963
18964
18965
18966
18967
18968
18970
18971
18982
19004
19005
19006
19007
19008
19009
19010
19011
19012
19013
19054
19055
19063
19105
19110
19122
19142
19158
19160
19184
19185
19186
19187
19188
19189
19190
19191
19192
19193
19194
19195
19196
19197
19198
19199
19200
19201
19213
19221
19222
19223
19224
19226
19285
19286
19294
19296
19297
19298
19299
19300
19304
19305
19306
19308
19309
19310
19311
19313
19314
19322
19337
19359
19422
19427
19428
19429
19450
19455
19456
19457
19489
19490
19502
19503
19504
19622
19623
19642
19662
19696
19725
19742
19743
19763
19775
19803
19805
19806
19807
19808
19809
19810
19811
19837
19844
19847
19860
19868
19875
19879
19880
19882
19924
19926
19932
19951
19952
19953
19954
19955
19956
19957
19958
19959
19960
19966
19971
19976
19977
19981
19985
19986
19989
19994
19995
19996
20003
20005
20018
20020
20021
20030
20065
20067
20074
20086
20133
20142
20147
20148
20256
20294
20329
20337
20364
20365
20366
20368
20370
20372
20378
20381
20386
20387
20393
20401
20405
20416
20418
20419
20420
20421
20432
20433
20435
20436
20445
20446
20447
20448
20449
20450
20454
20455
20456
20469
20473
20474
20484
20486
20487
20488
20498
20500
20501
20502
20516
20522
20523
20524
20529
20541
20545
20552
20560
20591
20596
20676
20677
20678
20679
20696
20698
20706
20708
20709
20718
20719
20720
20721
20722
20739
20740
20751
20762
20773
20774
20775
20776
20777
20778
20779
20780
20781
20782
20783
20784
20785
20786
20787
20788
20789
20790
20791
20792
20793
20794
20795
20796
20798
20811
20814
20819
20822
20825
20829
20834
20857
20880
20887
20902
20903
20904
20905
20913
20952
20953
20957
20962
20965
20968
20972
20977
20979
20981
20984
21026
21030
21034
21035
21036
21043
21044
21045
21046
21047
21048
21049
21050
21051
21052
21053
21054
21055
21056
21057
21058
21059
21060
21061
21062
21063
21064
21065
21066
21067
21068
21069
21070
21071
21072
21073
21074
21075
21076
21077
21078
21079
21080
21081
21082
21083
21084
21085
21086
21087
21088
21089
21090
21091
21092
21093
21094
21095
21096
21097
21098
21101
21102
21106
21107
21109
21111
21112
21113
21114
21124
21125
21127
21131
21140
21141
21144
21150
21151
21152
21153
21158
21159
21160
21161
21162
21164
21168
21169
21170
21171
21172
21175
21193
21194
21195
21212
21214
21217
21228
21231
21233
21234
21235
21236
21238
21239
21240
21243
21254
21274
21276
21279
21280
21281
21282
21283
21284
21285
21287
21288
21289
21290
21291
21292
21293
21294
21295
21296
21297
21298
21299
21300
21302
21303
21304
21306
21307
21313
21339
21341
21342
21369
21371
21419
21420
21421
21422
21423
21424
21425
21426
21427
21428
21429
21430
21431
21432
21433
21434
21435
21437
21439
21440
21441
21442
21443
21444
21445
21446
21447
21448
21449
21450
21451
21516
21518
21519
21536
21552
21556
21560
21577
21578
21584
21587
21588
21591
21594
21612
21613
21614
21628
21629
21630
21631
21632
21633
21634
21636
21637
21638
21641
21642
21643
21644
21646
21649
21653
21654
21655
21656
21657
21658
21659
21660
21661
21662
21721
21759
21772
21773
21782
21785
21786
21787
21788
21797
21798
21799
21812
21815
21816
21817
21818
21819
21820
21821
21822
21823
21831
21832
21834
21857
21878
21879
21880
21883
21890
21922
21924
21950
21951
21958
21959
21961
21965
21966
21967
21968
21969
21970
21971
21972
21973
21974
21975
21976
21977
21978
21979
21980
21981
21992
21993
22018
22019
22020
22021
22022
22023
22024
22025
22026
22027
22028
22029
22030
22031
22032
22033
22034
22035
22036
22037
22038
22039
22040
22041
22042
22043
22045
22058
22059
22103
22104
22105
22116
22118
22124
22125
22126
22127
22128
22129
22140
22141
22142
22143
22144
22145
22146
22153
22154
22155
22156
22157
22158
22159
22160
22161
22162
22163
22164
22165
22166
22167
22168
22169
22170
22171
22172
22173
22178
22179
22180
22181
22182
22183
22184
22185
22186
22187
22188
22189
22190
22230
22244
22253
22260
22262
22263
22273
22283
22284
22285
22286
22287
22288
22289
22290
22291
22292
22293
22294
22295
22296
22297
22298
22299
22300
22316
22319
22323
22344
22349
22350
22351
22352
22353
22354
22355
22356
22357
22358
22359
22360
22361
22362
22363
22364
22365
22366
22367
22368
22369
22370
22371
22372
22373
22374
22375
22376
22386
22387
22393
22400
22401
22402
22414
22415
22453
22454
22455
22474
22475
22485
22486
22546
22564
22569
22581
22582
22584
22585
22586
22587
22588
22643
22645
22646
22691
22709
22710
22719
22726
22733
22736
22739
22751
22754
22782
22788
22795
22797
22798
22799
22800
22801
22802
22803
22804
22805
22806
22807
22808
22809
22810
22811
22812
22813
22814
22815
22816
22817
22818
22819
22820
22821
22822
22890
22891
22895
22896
22897
22898
22899
22928
22929
22931
22933
22935
22936
22937
22938
22939
22940
22941
22942
22943
22947
22954
22960
22961
22967
22968
22972
22981
22983
22988
22989
22994
23000
23001
23003
23004
23005
23006
23008
23009
23010
23011
23012
23013
23014
23016
23017
23018
23019
23020
23021
23023
23024
23025
23026
23027
23028
23029
23030
23031
23032
23033
23034
23035
23036
23037
23038
23039
23040
23041
23042
23043
23044
23045
23046
23047
23048
23049
23050
23051
23052
23053
23054
23055
23056
23057
23058
23068
23069
23070
23071
23072
23073
23074
23075
23076
23080
23086
23102
23157
23158
23159
23162
23172
23174
23185
23186
23187
23188
23189
23190
23193
23194
23195
23196
23201
23202
23203
23204
23208
23209
23210
23212
23213
23214
23216
23219
23220
23221
23222
23223
23225
23226
23227
23229
23230
23231
23232
23233
23234
23235
23236
23237
23238
23240
23241
23242
23246
23248
23271
23320
23330
23335
23340
23341
23342
23349
23350
23351
23352
23355
23357
23359
23360
23362
23363
23364
23365
23366
23368
23374
23378
23382
23388
23416
23418
23419
23420
23421
23422
23428
23432
23433
23434
23443
23444
23450
23452
23453
23457
23458
23459
23461
23462
23463
23468
23469
23470
23471
23472
23481
23486
23495
23496
23545
23547
23548
23549
23552
23560
23561
23562
23567
23577
23578
23579
23581
23584
23586
23616
23640
23641
23647
23648
23649
23650
23651
23652
23653
23655
23656
23663
23664
23665
23666
23667
23668
23670
23673
23674
23683
23684
23686
23689
23704
23705
23708
23709
23711
23714
23716
23724
23725
23726
23727
23728
23730
23731
23734
23740
23741
23745
23750
23754
23755
23756
23759
23773
23812
23813
23820
23842
23846
23848
23853
23854
23855
23856
23858
23861
23866
23867
23868
23872
23878
23879
23880
23882
23889
23895
23904
23905
23906
23907
23908
23911
23912
23913
23914
23915
23916
23917
23918
23926
23935
23936
23940
23941
23942
23943
23950
23951
23952
23953
23954
23955
23956
23957
23958
23959
23960
23961
23962
23963
23964
23966
23967
23968
23969
23970
23971
23972
23973
23974
23975
23980
23982
23983
23990
23991
23992
23993
23996
23998
24005
24010
24011
24012
24013
24014
24015
24016
24017
24018
24019
24034
24038
24068
24070
24071
24072
24100
24101
24102
24105
24115
24137
24140
24147
24148
24149
24156
24187
24188
24190
24191
24226
24227
24228
24229
24234
24235
24240
24242
24243
24244
24283
24288
24317
24319
24320
24321
24322
24324
24325
24326
24327
24328
24329
24331
24332
24333
24345
24358
24369
24370
24371
24377
24386
24409
24410
24412
24420
24448
24491
24494
24495
24499
24506
24509
24512
24515
24518
24524
24525
24527
24528
24529
24530
24531
24532
24533
24534
24535
24536
24537
24538
24541
24548
24561
24562
24563
24564
24565
24566
24567
24568
24569
24570
24571
24572
24573
25145
25159
25173
25285
25407
25422
25461
25462
25469
25493
25497
25520
25546
25547
25551
25571
25572
25573
25574
25575
25576
25580
25581
25582
25587
25588
25625
25626
25627
25635
25641
25644
25646
25663
25664
25665
25667
25677
25688
25698
25699
25700
25704
25709
25746
25747
25748
25749
25750
25752
25753
25754
25755
25756
25757
25758
25798
25799
25800
25801
25813
25814
25816
25839
25850
25851
25859
25860
25871
25872
25877
25879
25885
25888
25892
25900
25918
25936
25937
26003
26015
26029
26041
26045
26046
26047
26056
26057
26058
26059
26060
26061
26062
26063
26064
26065
26066
26067
26068
26069
26070
26071
26072
26073
26074
26075
26076
26077
26078
26079
26080
26081
26082
26083
26084
26085
26086
26087
26088
26089
26090
26091
26092
26093
26094
26095
26096
26097
26098
26099
26100
26101
26102
26103
26104
26105
26106
26107
26108
26109
26110
26111
26112
26113
26114
26115
26116
26117
26118
26119
26120
26121
26122
26123
26124
26125
26126
26127
26128
26129
26130
26131
26132
26133
26134
26135
26136
26137
26138
26139
26140
26141
26142
26143
26144
26145
26146
26147
26148
26149
26150
26151
26152
26153
26154
26155
26156
26157
26158
26159
26160
26161
26162
26163
26164
26165
26166
26167
26168
26169
26170
26171
26172
26173
26174
26175
26176
26177
26178
26179
26180
26181
26182
26183
26184
26185
26186
26187
26188
26189
26190
26191
26192
26193
26194
26195
26196
26197
26198
26199
26200
26201
26202
26203
26204
26205
26206
26207
26208
26209
26210
26211
26212
26213
26214
26215
26216
26217
26218
26219
26220
26221
26222
26223
26224
26225
26226
26227
26228
26229
26230
26231
26232
26233
26234
26235
26236
26237
26238
26239
26240
26241
26242
26243
26244
26245
26246
26247
26248
26249
26250
26251
26252
26253
26254
26255
26256
26257
26258
26259
26260
26261
26262
26263
26264
26265
26266
26267
26268
26269
26270
26271
26272
26273
26274
26275
26276
26277
26278
26279
26280
26281
26282
26283
26284
26285
26286
26287
26288
26289
26290
26291
26292
26293
26294
26295
26296
26297
26298
26299
26300
26301
26302
26303
26304
26305
26306
26307
26308
26309
26310
26311
26312
26313
26314
26315
26316
26317
26318
26319
26320
26321
26322
26323
26324
26325
26326
26327
26328
26329
26330
26331
26332
26333
26334
26335
26336
26337
26338
26339
26340
26341
26342
26343
26344
26345
26346
26347
26348
26349
26350
26351
26352
26353
26354
26355
26356
26357
26358
26359
26360
26361
26362
26363
26364
26365
26366
26367
26368
26369
26370
26371
26372
26373
26374
26375
26376
26377
26378
26379
26380
26381
26382
26383
26384
26385
26386
26387
26388
26389
26390
26391
26392
26393
26394
26395
26396
26397
26398
26399
26400
26401
26402
26403
26404
26405
26406
26407
26408
26409
26410
26411
26412
26413
26414
26415
26416
26417
26418
26419
26420
26421
26422
26423
26424
26425
26426
26427
26428
26429
26430
26431
26432
26433
26434
26435
26436
26437
26438
26439
26440
26441
26442
26443
26444
26445
26446
26447
26448
26449
26450
26451
26452
26453
26454
26455
26456
26457
26458
26459
26460
26461
26462
26463
26464
26465
26466
26467
26468
26469
26470
26471
26472
26473
26474
26475
26476
26477
26478
26479
26480
26481
26482
26483
26484
26485
26486
26487
26488
26489
26490
26491
26492
26493
26494
26495
26496
26497
26498
26499
26500
26501
26502
26503
26504
26505
26506
26507
26508
26509
26510
26511
26512
26513
26514
26515
26516
26517
26518
26519
26520
26521
26522
26523
26524
26525
26526
26527
26528
26529
26530
26531
26532
26533
26534
26535
26536
26537
26538
26539
26540
26541
26542
26543
26544
26545
26546
26547
26548
26549
26550
26551
26552
26553
26554
26555
26556
26557
26558
26559
26560
26561
26562
26563
26564
26565
26566
26567
26568
26569
26570
26571
26572
26573
26574
26575
26576
26577
26578
26579
26580
26581
26582
26583
26584
26585
26586
26587
26588
26589
26590
26591
26592
26593
26594
26595
26596
26597
26598
26599
26600
26601
26602
26603
26604
26605
26606
26607
26608
26609
26610
26611
26612
26613
26614
26615
26616
26617
26618
26619
26620
26621
26622
26623
26624
26625
26626
26627
26628
26629
26630
26631
26632
26633
26634
26635
26636
26637
26638
26639
26640
26641
26642
26643
26644
26645
26646
26647
26648
26649
26650
26651
26652
26653
26654
26655
26656
26657
26658
26659
26660
26661
26662
26663
26664
26665
26666
26667
26668
26669
26670
26671
26672
26673
26674
26675
26676
26677
26678
26679
26680
26681
26682
26683
26684
26685
26686
26687
26688
26689
26690
26691
26692
26693
26694
26695
26696
26697
26698
26699
26700
26701
26702
26703
26704
26705
26706
26707
26708
26709
26710
26711
26712
26713
26714
26715
26716
26717
26718
26719
26720
26721
26722
26723
26724
26725
26726
26727
26728
26729
26730
26731
26732
26733
26734
26735
26736
26737
26738
26739
26740
26741
26742
26743
26744
26745
26746
26747
26748
26749
26750
26751
26752
26753
26754
26755
26756
26757
26758
26759
26760
26761
26762
26763
26764
26765
26766
26767
26768
26769
26770
26771
26772
26773
26774
26775
26776
26777
26778
26779
26780
26781
26782
26783
26784
26785
26786
26787
26788
26789
26790
26791
26792
26793
26794
26795
26796
26797
26798
26799
26800
26801
26802
26803
26804
26805
26806
26807
26808
26809
26810
26811
26812
26813
26814
26815
26816
26817
26818
26819
26820
26821
26822
26823
26824
26825
26826
26827
26828
26829
26830
26831
26832
26833
26834
26835
26836
26837
26838
26839
26840
26841
26842
26843
26844
26845
26846
26847
26848
26849
26850
26851
26852
26853
26854
26855
26856
26857
26858
26859
26860
26861
26862
26863
26864
26865
26866
26867
26868
26869
26870
26871
26872
26873
26874
26875
26876
26877
26878
26879
26880
26881
26882
26883
26884
26885
26886
26887
26888
26889
26890
26891
26892
26893
26894
26895
26896
26897
26898
26899
26900
26901
26902
26903
26904
26905
26906
26907
26908
26909
26910
26911
26912
26913
26914
26915
26916
26917
26918
26919
26920
26921
26922
26923
26924
26925
26926
26927
26928
26929
26930
26931
26932
26933
26934
26935
26936
26937
26938
26939
26940
26941
26942
26943
26944
26945
26946
26947
26948
26949
26950
26951
26952
26953
26954
26955
26956
26957
26958
26959
26960
26961
26962
26963
26964
26965
26966
26967
26968
26969
26970
26971
26972
26973
26974
26975
26976
26977
26978
26979
26980
26981
26982
26983
26984
26985
26986
26987
26988
26989
26990
26991
26992
26993
26994
26995
26996
26997
26998
26999
27000
27001
27002
27003
27004
27005
27006
27007
27008
27009
27010
27011
27012
27013
27014
27015
27016
27017
27018
27019
27020
27021
27022
27023
27024
27025
27026
27027
27028
27029
27030
27031
27032
27033
27034
27035
27036
27037
27038
27039
27040
27041
27042
27043
27044
27045
27046
27047
27048
27049
27050
27051
27052
27053
27054
27055
27056
27057
27058
27059
27060
27061
27062
27063
27064
27065
27066
27067
27068
27069
27070
27071
27072
27073
27074
27075
27076
27077
27078
27079
27080
27081
27082
27083
27084
27085
27086
27087
27088
27089
27090
27091
27092
27093
27094
27095
27096
27097
27098
27099
27100
27101
27102
27103
27104
27105
27106
27107
27108
27109
27110
27111
27112
27113
27114
27115
27116
27117
27118
27119
27120
27121
27122
27123
27124
27125
27126
27127
27128
27129
27130
27131
27132
27133
27134
27135
27136
27137
27138
27139
27140
27141
27142
27143
27144
27145
27146
27147
27148
27149
27150
27151
27152
27153
27154
27155
27156
27157
27158
27159
27160
27161
27162
27163
27164
27165
27166
27167
27168
27169
27170
27171
27172
27173
27174
27175
27176
27177
27178
27179
27180
27181
27182
27183
27184
27185
27186
27187
27188
27189
27190
27191
27192
27193
27194
27195
27196
27197
27198
27199
27200
27201
27202
27203
27204
27205
27206
27207
27208
27209
27210
27211
27212
27213
27214
27215
27216
27217
27218
27219
27220
27221
27222
27223
27224
27225
27226
27227
27228
27229
27230
27231
27232
27233
27234
27235
27236
27237
27238
27239
27240
27241
27242
27243
27244
27245
27246
27247
27248
27249
27250
27251
27252
27253
27254
27255
27256
27257
27258
27259
27260
27261
27262
27263
27264
27265
27266
27267
27268
27269
27270
27271
27272
27273
27274
27275
27276
27277
27278
27279
27280
27281
27282
27283
27284
27285
27286
27287
27288
27289
27290
27291
27292
27293
27294
27295
27296
27297
27298
27299
27300
27301
27302
27303
27304
27305
27306
27307
27308
27309
27310
27311
27312
27313
27314
27315
27316
27317
27318
27319
27320
27321
27322
27323
27324
27325
27326
27327
27328
27329
27330
27331
27332
27333
27334
27335
27336
27337
27338
27339
27340
27341
27342
27343
27344
27345
27346
27347
27348
27349
27350
27351
27352
27353
27354
27355
27356
27357
27358
27359
27360
27361
27362
27363
27364
27365
27366
27367
27368
27369
27370
27371
27372
27373
27374
27375
27376
27377
27378
27379
27380
27381
27382
27383
27384
27385
27386
27387
27388
27391
27392
27393
27394
27395
27396
27397
27405
27406
27407
27419
27421
27422
27437
27441
27443
27444
27446
27481
27482
27484
27486
27496
27504
27511
27513
27530
27554
27555
27556
27557
27558
27559
27560
27561
27562
27563
27564
27565
27566
27567
27568
27569
27570
27571
27572
27573
27574
27575
27576
27577
27578
27579
27580
27581
27582
27583
27584
27585
27586
27587
27588
27589
27590
27591
27592
27593
27594
27595
27596
27597
27598
27599
27600
27601
27602
27603
27604
27605
27606
27607
27608
27609
27610
27611
27612
27613
27614
27615
27616
27617
27618
27619
27620
27621
27622
27623
27624
27625
27626
27627
27628
27629
27630
27635
27636
27642
27670
27675
27701
27718
27719
27720
27736
27774
27782
27810
27811
27819
27836
27849
27850
27851
27852
27853
27862
27863
27864
27894
27917
27923
27949
27950
27951
27952
27953
27954
27955
27956
27957
27958
27959
27960
27961
27962
27963
27964
27965
27966
27967
27968
27969
27970
27971
27972
27973
27974
27975
27983
27997
27998
27999
28000
28001
28002
28003
28004
28005
28006
28007
28008
28009
28010
28011
28012
28013
28014
28015
28016
28017
28018
28019
28020
28021
28022
28023
28025
28035
28036
28037
28039
28043
28044
28045
28047
28049
28065
28067
28068
28071
28072
28073
28076
28077
28078
28079
28080
28081
28082
28083
28084
28085
28086
28087
28088
28089
28090
28091
28092
28093
28094
28095
28096
28097
28098
28099
28110
28112
28113
28114
28115
28117
28122
28125
28131
28133
28135
28145
28165
28195
28196
28197
28198
28199
28200
28201
28208
28213
28260
28261
28284
28289
28296
28326
28329
28330
28336
28354
28356
28365
28366
28382
28388
28389
28408
28456
28471
28480
28482
28487
28488
28489
28500
28546
28549
28552
28592
28598
28648
28650
28676
28677
28678
28682
28736
28737
28738
28739
28784
28798
28816
28876
28877
28879
28880
28883
28884
28890
28891
28892
28893
28894
28895
28896
28897
28898
28899
28900
28901
28902
28905
28906
28913
28914
28916
28932
28938
28941
28958
28961
28965
29009
29010
29014
29024
29025
29041
29052
29107
29111
29112
29114
29178
29188
29208
29210
29225
29234
29256
29293
29310
29311
29358
29388
29392
29402
29403
29404
29405
29406
29407
29408
29409
29410
29413
29414
29415
29416
29417
29418
29419
29420
29421
29422
29423
29424
29427
29430
29431
29432
29433
29435
29436
29437
29438
29439
29440
29441
29442
29443
29444
29446
29455
29462
29479
29484
29537
29538
29539
29541
29542
29543
29544
29547
29548
29549
29550
29551
29552
29557
29558
29565
29566
29569
29571
29575
29576
29577
29585
29587
29619
29620
29621
29622
29623
29626
29627
29628
29629
29630
29631
29632
29633
29634
29635
29636
29637
29638
29639
29640
29641
29642
29643
29644
29645
29646
29647
29648
29649
29650
29651
29652
29653
29654
29655
29656
29657
29658
29659
29660
29661
29662
29663
29665
29666
29667
29668
29670
29671
29676
29678
29679
29680
29681
29683
29685
29686
29687
29688
29690
29692
29694
29695
29696
29697
29705
29706
29707
29708
29709
29710
29711
29712
29715
29716
29739
29748
29749
29751
29752
29769
29790
29802
29805
29809
29816
29819
29820
29821
29823
29824
29825
29826
29827
29828
29829
29830
29831
29832
29833
29834
29835
29836
29837
29838
29839
29840
29841
29842
29843
29844
29845
29846
29847
29848
29849
29850
29851
29852
29853
29854
29855
29856
29857
29858
29859
29860
29861
29862
29863
29864
29865
29866
29867
29868
29869
29870
29871
29872
29873
29874
29875
29876
29877
29878
29879
29880
29881
29882
29883
29884
29885
29886
29887
29888
29889
29890
29891
29892
29893
29894
29895
29896
29897
29898
29899
29900
29907
29961
29963
30063
30078
30128
30147
30176
30178
30179
30180
30181
30182
30191
30193
30195
30197
30198
30199
30202
30203
30204
30208
30209
30261
30287
30288
30289
30292
30309
30310
30325
30347
30367
30376
30385
30387
30388
30389
30390
30391
30392
30393
30403
30405
30406
30407
30408
30409
30410
30411
30412
30414
30418
30423
30424
30430
30434
30438
30439
30441
30445
30447
30452
30455
30456
30469
30470
30471
30472
30473
30474
30482
30484
30485
30492
30493
30494
30495
30496
30499
30502
30524
30525
30526
30528
30537
30539
30545
30557
30559
30562
30567
30576
30577
30578
30580
30595
30596
30613
30624
30625
30630
30632
30636
30647
30648
30658
30659
30660
30661
30662
30669
30670
30671
30697
30698
30699
30702
30703
30711
30714
30715
30717
30718
30760
30790
30793
30795
30796
30801
30802
30805
30806
30808
30816
30817
30822
30841
30848
30854
30877
30920
30921
30934
30935
30949
30954
30963
30965
31033
31081
31082
31083
31087
31122
31123
31130
31167
31171
31205
31206
31207
31208
31246
31252
31253
31257
31259
31265
31266
31267
31273
31274
31296
31301
31302
31309
31311
31325
31327
31346
31348
31352
31353
31365
31385
31388
31389
31466
31467
31468
31469
31490
31491
31492
31493
31494
31496
31497
31498
31499
31500
31501
31502
31503
31505
31506
31507
31518
31530
31551
31576
31577
31578
31579
31580
31581
31582
31583
31600
31601
31602
31603
31604
31605
31607
31608
31609
31611
31612
31645
31654
31665
31667
31669
31716
31730
31738
31743
31744
31767
31771
31801
31802
31803
31805
31806
31813
31822
31823
31824
31837
31842
31843
31844
31845
31846
31847
31848
31849
31850
31851
31897
31930
31931
31932
31933
31934
31947
31948
31954
31970
31994
32065
32066
32075
32091
32191
32246
32272
32320
32322
32358
32360
32364
32368
32371
32372
32384
32408
32424
32425
32426
32448
32457
32460
32463
32465
32467
32477
32484
32499
32504
32507
32511
32530
32542
32543
32544
32545
32546
32547
32548
32549
32550
32551
32552
32553
32554
32555
32556
32557
32558
32559
32560
32561
32562
32565
32566
32578
32594
32595
32598
32601
32603
32604
32605
32607
32610
32611
32612
32613
32614
32615
32618
32626
32627
32628
32629
32630
32631
32632
32633
32642
32644
32669
32688
32689
32690
32691
32692
32693
32699
32700
32701
32702
32703
32704
32705
32706
32707
32708
32709
32710
32711
32712
32713
32719
32725
32729
32730
32731
32734
32735
32740
32743
32762
32763
32764
32765
32766
32767
32773
32775
32783
32784
32815
32824
32826
32827
32840
32841
32844
32845
32846
32847
32855
32856
32873
32874
32875
32876
32877
32878
32879
32880
32881
32884
32885
32886
32887
32889
32890
32891
32892
32893
32894
32906
32908
32909
32910
32911
32912
32913
32914
32915
32916
32917
32918
32919
32920
32921
32922
32923
32924
32925
32926
32927
32928
32929
32930
32931
32932
32933
32934
32935
32936
32937
32938
32939
32940
32949
32950
32951
32952
32953
32965
32966
32967
32968
32969
32970
32971
32972
33000
33001
33002
33003
33004
33005
33011
33016
33017
33018
33019
33020
33021
33022
33027
33028
33029
33030
33032
33033
33041
33043
33046
33049
33051
33059
33060
33062
33063
33073
33074
33075
33077
33080
33081
33087
33089
33090
33094
33096
33097
33100
33104
33105
33111
33116
33118
33125
33128
33130
33132
33136
33137
33138
33139
33141
33142
33145
33146
33147
33161
33162
33167
33168
33169
33170
33171
33172
33176
33177
33178
33179
33180
33181
33183
33184
33193
33194
33195
33196
33197
33198
33199
33200
33201
33210
33212
33213
33217
33218
33219
33220
33223
33224
33225
33227
33266
33275
33276
33277
33288
33294
33295
33301
33302
33315
33316
33318
33319
33320
33336
33338
33341
33353
33355
33442
33445
33452
33455
33456
33477
33502
33503
33504
33511
33521
33525
33526
33542
33543
33544
33558
33563
33564
33565
33570
33572
33573
33574
33594
33595
33596
33597
33598
33599
33600
33601
33602
33603
33604
33608
33609
33610
33614
33615
33616
33617
33623
33624
33625
33626
33633
33634
33636
33641
33642
33643
33644
33645
33646
33647
33648
33649
33650
33651
33652
33653
33654
33655
33656
33657
33658
33659
33660
33772
33773
33775
33776
33777
33778
33779
33780
33781
33784
33785
33786
33787
33788
33789
33790
33793
33795
33797
33798
33799
33800
33802
33803
33807
33817
33822
33823
33824
33828
33839
33842
33845
33848
33850
33862
33863
33864
33868
33924
33927
33929
33936
33937
33938
33948
33949
33950
33955
33956
33958
33963
33966
33967
33968
33969
33975
33976
33977
33978
33979
33980
33981
33982
33983
33984
33986
33988
33989
33990
33991
33992
33993
33994
33995
33996
33998
34004
34005
34006
34007
34017
34018
34019
34021
34024
34025
34028
34030
34031
34033
34034
34036
34037
34038
34039
34044
34045
34046
34047
34048
34058
34062
34071
34072
34077
34079
34080
34093
34094
34095
34096
34097
34098
34103
34104
34107
34108
34110
34112
34115
34116
34117
34120
34123
34135
34142
34143
34150
34151
34152
34153
34154
34155
34156
34158
34159
34161
34171
34187
34191
34206
34217
34219
34250
34251
34252
34260
34263
34264
34265
34266
34267
34268
34269
34270
34271
34272
34273
34274
34275
34276
34277
34278
34279
34280
34281
34282
34283
34284
34285
34286
34287
34288
34289
34290
34291
34292
34293
34294
34295
34296
34297
34298
34299
34300
34301
34302
34303
34304
34305
34306
34307
34308
34309
34310
34311
34312
34313
34314
34315
34316
34317
34318
34320
34321
34322
34323
34324
34325
34326
34327
34328
34410
34415
34449
34450
34451
34452
34453
34454
34455
34456
34457
34458
34459
34460
34461
34462
34463
34464
34465
34466
34467
34469
34476
34481
34484
34486
34492
34494
34495
34496
34497
34499
34501
34503
34505
34506
34507
34508
34509
34510
34511
34512
34513
34514
34515
34516
34517
34518
34519
34520
34521
34522
34523
34524
34525
34526
34531
34532
34534
34536
34544
34550
34551
34552
34553
34586
34588
34589
34590
34591
34596
34623
34626
34627
34628
34629
34630
34631
34632
34633
34634
34635
34636
34637
34638
34639
34640
34641
34642
34643
34644
34645
34646
34647
34654
34660
34662
34663
34668
34681
34682
34687
34693
34694
34696
34712
34716
34717
34718
34723
34724
34725
34726
34727
34728
34729
34730
34731
34732
34733
34734
34735
34737
34738
34739
34740
34741
34742
34743
34744
34745
34746
34770
34771
34776
34784
34803
34805
34816
34817
34818
34819
34820
34821
34832
34835
34842
34846
34849
34864
34865
34867
34868
34873
34874
34875
34876
34877
34878
34879
34880
34881
34882
34883
34884
34885
34886
34899
34907
34955
34965
34966
34967
34969
34970
35016
35039
35040
35041
35117
35118
35120
35124
35126
35220
35225
35229
35235
35236
35274
35285
35286
35289
35312
35313
35351
35396
35397
35398
35399
35400
35417
35418
35419
35420
35421
35422
35423
35424
35425
35426
35427
35428
35429
35430
35431
35432
35433
35434
35435
35436
35437
35438
35439
35440
35441
35442
35443
35444
35445
35446
35447
35448
35449
35450
35451
35452
35453
35454
35455
35456
35457
35458
35459
35460
35461
35462
35463
35480
35482
35485
35499
35510
35512
35515
35534
35536
35540
35542
35543
35547
35552
35554
35556
35558
35559
35560
35561
35567
35598
35621
35626
35628
35667
35674
35684
35689
35692
35701
35710
35712
35713
35714
35715
35718
35719
35720
35721
35722
35724
35727
35732
35735
35738
35740
35741
35742
35743
35744
35745
35757
35770
35771
35772
35773
35775
35776
35777
35778
35779
35780
35781
35785
35786
35787
35789
35792
35793
35803
35804
35805
35806
35825
35840
35847
35853
35854
35855
35858
35874
35876
35939
35940
35942
35946
36413
36711
36733
36744
36745
36748
36749
36750
36755
36757
36761
36762
36763
36765
36768
36772
36773
36778
36785
36790
36791
36792
36794
36795
36799
36820
36828
36829
36830
36831
36836
36837
36838
36839
36840
36841
36842
36843
36844
36845
36846
36848
36861
36862
36863
36866
36867
36869
36889
36890
36891
36895
36941
36955
36959
36960
36963
36964
36965
36966
36967
36968
36970
36972
36987
36990
37001
37033
37059
37063
37086
37089
37090
37100
37102
37103
37119
37120
37123
37126
37127
37128
37130
37131
37132
37133
37142
37145
37146
37147
37148
37154
37157
37158
37159
37160
37161
37163
37164
37210
37225
37233
37249
37250
37266
37273
37278
37279
37281
37284
37285
37286
37295
37296
37297
37298
37301
37303
37308
37309
37310
37311
37312
37315
37316
37317
37318
37321
37323
37324
37327
37328
37341
37342
37350
37372
37385
37386
37400
37420
37430
37433
37444
37448
37450
37451
37452
37453
37454
37455
37457
37466
37467
37468
37469
37470
37472
37473
37474
37477
37485
37489
37490
37494
37496
37498
37501
37510
37511
37531
37532
37533
37534
37536
37544
37549
37550
37551
37552
37553
37554
37561
37563
37571
37574
37578
37579
37589
37596
37597
37598
37599
37600
37601
37605
37607
37608
37609
37610
37611
37674
37709
37710
37711
37719
37720
37736
37737
37738
37742
37750
37815
37816
37825
37827
37828
37829
37832
37834
37837
37838
37839
37859
37860
37863
37866
37878
37885
37892
37893
37894
37895
37896
37897
37898
37900
37901
37902
37903
37904
37905
37906
37907
37908
37909
37914
37916
37917
37919
37924
37925
37926
37946
37951
37952
37955
37967
37972
37973
37974
37975
37976
37977
37978
37979
37994
37997
38009
38015
38016
38017
38018
38019
38020
38021
38022
38038
38052
38058
38059
38060
38061
38062
38063
38064
38065
38066
38067
38069
38074
38075
38076
38077
38078
38079
38082
38089
38099
38113
38119
38120
38121
38122
38123
38124
38125
38136
38139
38140
38158
38159
38164
38165
38166
38167
38168
38179
38180
38182
38183
38184
38185
38186
38192
38193
38199
38200
38201
38203
38204
38205
38209
38210
38211
38215
38216
38217
38233
38234
38235
38236
38243
38244
38245
38246
38247
38248
38249
38253
38254
38255
38256
38261
38263
38264
38265
38266
38269
38270
38271
38272
38273
38274
38275
38279
38280
38281
38282
38283
38287
38288
38292
38296
38297
38298
38299
38301
38304
38306
38307
38309
38310
38311
38312
38313
38314
38315
38316
38317
38320
38322
38324
38331
38333
38350
38352
38362
38363
38364
38380
38382
38383
38385
38391
38392
38394
38395
38423
38432
38446
38447
38449
38450
38451
38466
38469
38470
38471
38472
38474
38475
38476
38478
38479
38480
38481
38482
38483
38484
38485
38486
38487
38488
38489
38490
38491
38492
38493
38494
38495
38496
38497
38498
38499
38500
38501
38502
38503
38507
38508
38509
38511
38512
38524
38525
38526
38527
38538
38554
38561
38565
38567
38568
38569
38570
38571
38576
38577
38578
38579
38580
38582
38587
38593
38594
38595
38596
38598
38599
38600
38602
38603
38604
38605
38606
38608
38609
38612
38619
38621
38622
38623
38624
38625
38626
38629
38630
38631
38635
38636
38641
38644
38652
38658
38683
38685
38687
38688
38690
38691
38692
38693
38694
38702
38704
38720
38721
38722
38723
38724
38725
38738
38740
38742
38916
38952
38957
38958
38970
38983
38994
38996
39007
39008
39009
39012
39014
39024
39032
39037
39039
39042
39048
39061
39067
39069
39071
39101
39103
39106
39107
39111
39122
39123
39126
39137
39145
39147
39149
39151
39152
39153
39155
39162
39163
39184
39185
39186
39213
39214
39270
39287
39288
39289
39290
39300
39302
39304
39312
39314
39321
39325
39327
39334
39338
39339
39340
39341
39342
39343
39352
39354
39359
39370
39381
39382
39384
39411
39447
39456
39476
39477
39501
39502
39506
39511
39526
39527
39537
39575
39576
39584
39585
39586
39587
39600
39614
39658
39659
39660
39661
39662
39663
39677
39685
39699
39705
39736
39738
39739
39741
39742
39743
39744
39745
39746
39748
39749
39750
39751
39752
39753
39754
39813
39827
39832
39879
39883
39884
39885
39892
39901
39902
39903
39904
39913
39921
39922
39923
39924
39925
39926
39928
39929
39930
39931
39971
39972
39993
39994
40004
40005
40006
40007
40035
40036
40042
40110
40183
40191
40199
40218
40219
40220
40221
40222
40223
40224
40225
40226
40227
40228
40229
40230
40231
40232
40268
40276
40307
40308
40309
40310
40311
40312
40313
40314
40337
40355
40389
40413
40434
40435
40436
40452
40464
40478
40479
40480
40481
40484
40485
40487
40498
40501
40534
40535
40537
40538
40540
40542
40593
40595
40596
40597
40598
40599
40604
40605
40606
40607
40608
40609
40644
40646
40647
40648
40649
40650
40651
40654
40655
40656
40657
40658
40659
40660
40661
40662
40663
40664
40665
40667
40677
40686
40699
40705
40706
40707
40729
40754
40759
40760
40761
40762
40763
40764
40765
40766
40770
40773
40774
40777
40793
40794
40795
40796
40800
40813
40814
40815
40833
40834
40835
40843
40853
40854
40855
40873
40874
40876
40885
40886
40891
40894
40911
40929
40935
40941
40945
40948
40965
40967
40968
40980
40981
40985
40996
40997
41003
41009
41015
41021
41022
41029
41035
41040
41046
41053
41057
41062
41067
41072
41077
41083
41089
41090
41125
41132
41133
41139
41145
41153
41159
41169
41170
41171
41172
41173
41174
41175
41176
41177
41180
41191
41192
41193
41194
41195
41196
41201
41207
41213
41219
41220
41221
41222
41227
41232
41237
41244
41246
41256
41259
41261
41263
41277
41283
41289
41295
41300
41306
41312
41318
41323
41329
41342
41343
41358
41360
41364
41365
41370
41371
41374
41402
41403
41404
41405
41406
41407
41408
41409
41410
41411
41412
41413
41414
41415
41416
41417
41418
41419
41420
41421
41422
41423
41425
41583
41585
41605
41606
41613
41619
41623
41627
41632
41637
41642
41652
41657
41663
41669
41674
41680
41685
41691
41695
41717
41748
41749
41764
41769
41775
41800
41801
41802
41803
41804
41805
41806
41807
41808
41809
41810
41811
41812
41813
41814
41823
41834
41838
41842
41856
41861
41866
41871
41876
41883
41887
41889
41895
41906
41917
41923
41929
41936
41942
41948
41952
41955
41961
41967
41973
41977
41978
41979
41980
41981
41982
41983
42048
42049
42050
42051
42052
42053
42054
42085
42086
42087
42089
42090
42091
42120
42121
42125
42127
42139
42140
42141
42147
42161
42165
42166
42167
42168
42169
42170
42171
42205
42211
42230
42235
42239
42240
42245
42251
42258
42263
42268
42273
42278
42283
42288
42293
42320
42325
42330
42335
42342
42349
42350
42355
42357
42358
42367
42379
42380
42381
42387
42393
42425
42426
42427
42437
42440
42442
42452
42474
42477
42478
42488
42493
42497
42505
42506
42507
42509
42516
42522
42528
42534
42535
42536
42537
42538
42539
42540
42543
42544
42547
42548
42562
42567
42573
42581
42586
42590
42592
42600
42605
42610
42611
42612
42613
42614
42615
42616
42617
42623
42733
42756
42757
42759
42764
42771
42773
42775
42776
42851
42852
42853
42854
42855
42856
42873
42894
42919
42920
42921
42923
42924
42925
42929
42932
42933
42934
42935
42936
42937
42938
42939
42940
42941
42975
42976
42977
42978
42979
42980
42981
42982
42983
42986
43002
43003
43006
43008
43014
43038
43040
43041
43042
43043
43044
43045
43046
43047
43048
43049
43050
43051
43052
43053
43054
43055
43056
43057
43058
43060
43061
43062
43063
43064
43065
43066
43067
43091
43092
43093
43097
43098
43099
43103
43104
43105
43106
43107
43108
43109
43110
43111
43112
43113
43114
43136
43140
43144
43149
43150
43152
43170
43175
43196
43199
43205
43215
43216
43219
43220
43221
43222
43223
43224
43226
43227
43254
43267
43269
43270
43272
43274
43275
43276
43288
43292
43293
43294
43295
43296
43298
43301
43307
43308
43321
43325
43326
43328
43329
43330
43333
43336
43337
43341
43383
43384
43471
43474
43477
43479
43483
43486
43487
43488
43489
43490
43491
43492
43493
43496
43503
43514
43515
43517
43525
43532
43540
43557
43558
43559
43560
43561
43562
43563
43576
43577
43578
43579
43580
43581
43596
43598
43602
43603
43604
43605
43606
43607
43614
43617
43618
43619
43620
43621
43623
43625
43627
43628
43629
43630
43631
43632
43633
43634
43635
43636
43637
43638
43639
43640
43641
43642
43643
43644
43645
43646
43648
43649
43650
43653
43654
43655
43656
43657
43658
43660
43661
43663
43664
43666
43667
43675
43676
43677
43678
43679
43680
43681
43682
43683
43684
43685
43686
43687
43692
43694
43695
43696
43698
43700
43701
43702
43703
43704
43705
43706
43707
43708
43709
43710
43711
43712
43713
43714
43715
43716
43717
43718
43719
43720
43721
43722
43723
43838
43876
43886
43887
43901
43902
43949
43957
43960
43963
43964
43965
43967
43985
43999
44022
44056
44070
44079
44085
44090
44114
44119
44124
44125
44126
44148
44158
44162
44169
44172
44199
44209
44227
44228
44232
44233
44236
44237
44238
44252
44260
44261
44262
44263
44264
44265
44266
44267
44268
44269
44270
44271
44272
44273
44274
44275
44277
44278
44279
44280
44281
44282
44284
44285
44286
44287
44288
44289
44290
44291
44292
44293
44298
44299
44300
44304
44336
44389
44390
44414
44425
44426
44427
44434
44439
44454
44462
44475
44480
44506
44507
44570
44571
44572
44573
44574
44575
44578
44580
44600
44602
44603
44604
44608
44609
44611
44616
44617
44618
44619
44620
44624
44627
44628
44629
44630
44633
44634
44646
44656
44680
44699
44705
44706
44709
44712
44714
44715
44718
44719
44720
44726
44727
44728
44730
44733
44743
44744
44755
44760
44761
44786
44787
44791
44793
44795
44796
44797
44798
44799
44801
44804
44805
44807
44811
44813
44814
44816
44817
44821
44823
44824
44825
44826
44827
44828
44829
44832
44833
44836
44837
44838
44839
44840
44845
44846
44847
44848
44849
44851
44852
44853
44854
44855
44856
44857
44865
44866
44867
44885
44915
44951
44952
44956
44964
44972
44981
44988
44989
44991
44992
44993
44994
44996
44997
45003
45010
45024
45026
45028
45029
45030
45031
45032
45033
45034
45035
45036
45037
45041
45045
45048
45052
45053
45055
45061
45063
45081
45082
45084
45115
45120
45123
45124
45127
45145
45172
45173
45174
45175
45176
45177
45178
45179
45180
45188
45189
45190
45191
45194
45195
45196
45197
45198
45199
45200
45201
45202
45229
45230
45231
45276
45277
45278
45280
45290
45328
45366
45407
45436
45499
45500
45510
45528
45568
45569
45575
45597
45629
45630
45692
45726
45727
45730
45763
45849
45856
45860
45863
45884
45889
45890
45891
45899
45900
45902
45903
45904
45905
45907
45909
45910
45912
45913
45914
45915
45916
45917
45918
45919
45920
45921
45922
45923
45925
45926
45936
45942
45985
46020
46089
46090
46092
46093
46101
46107
46112
46138
46229
46319
46326
46327
46328
46329
46330
46332
46333
46334
46335
46336
46358
46368
46371
46375
46393
46394
46395
46400
46547
46689
46690
46691
46709
46712
46717
46733
46735
46736
46737
46738
46765
46766
46767
46778
46780
46783
46784
46793
46796
46797
46799
46802
46809
46810
46830
46837
46839
46840
46841
46842
46844
46845
46846
46852
46854
46862
46863
46864
46865
46866
46870
46873
46886
46887
46890
46891
46892
46894
46957
46978
46981
46982
46983
46984
46987
46998
47005
47013
47014
47024
47025
47026
47027
47028
47031
47032
47034
47036
47065
47102
47103
47117
47118
47119
47120
47122
47123
47124
47125
47127
47128
47134
47135
47136
47137
47158
47159
47160
47161
47162
47331
47332
47333
47334
47335
47336
47337
47338
47339
47340
47341
47342
47343
47344
47345
47346
47347
47348
47349
47350
47351
47352
47353
47354
47355
47356
47357
47358
47359
47360
47361
47362
47363
47364
47365
47366
47367
47368
47369
47370
47371
47372
47373
47374
47375
47376
47377
47378
47379
47380
47381
47382
47383
47384
47385
47386
47387
47388
47389
47390
47391
47392
47393
47394
47395
47396
47397
47398
47399
47400
47401
47402
47403
47404
47405
47406
47407
47408
47409
47410
47411
47488
47505
47542
47543
47544
47555
47658
47661
47662
47664
47842
47844
47846
47881
47903
48020
48048
48311
48416
48527
48601
48947
48949
48984
48985
48986
48989
48995
48996
49016
49018
49020
49022
49024
49070
49072
49106
49116
49118
49120
49122
49148
49152
49154
49156
49158
49160
49177
49198
49206
49209
49223
49224
49225
49278
49288
49289
49291
49292
49293
49294
49308
49311
49334
49340
49341
49342
49343
49344
49345
49346
49349
49353
49357
49358
49362
49363
49372
49373
49374
49377
49490
49637
49638
49653
49654
49655
49658
49659
49660
49662
49663
49664
49665
49666
49675
49677
49680
49681
49684
49686
49687
49689
49690
49691
49692
49693
49703
49704
49706
49708
49709
49713
49714
49716
49717
49719
49720
49721
49722
49724
49725
49726
49727
49728
49729
49730
49731
49732
49733
49734
49735
49736
49737
49738
49739
49741
49750
49761
49762
49763
49764
49767
49768
49773
49774
49775
49777
49814
49862
49863
49864
49865
49868
49873
49886
49909
49911
49913
49914
49915
49916
49917
49918
49925
49926
49931
49933
49935
49984
50004
50007
50013
50029
50039
50043
50058
50066
50076
50083
50084
50085
50091
50092
50093
50099
50100
50101
50102
50103
50104
50110
50111
50112
50119
50120
50121
50123
50124
50129
50132
50133
50151
50164
50201
50216
50217
50221
50224
50225
50245
50246
50247
50248
50249
50251
50252
50256
50257
50280
50281
50282
50289
50301
50307
50321
50322
50323
50329
50330
50331
50332
50347
50350
50357
50389
50390
50395
50419
50422
50431
50433
50434
50442
50455
50460
50461
50475
50476
50477
50478
50479
50480
50481
50482
50483
50484
50485
50486
50487
50488
50489
50490
50491
50492
50493
50494
50495
50496
50497
50498
50499
50500
50501
50502
50503
50504
50505
50506
50507
50508
50509
50510
50511
50512
50513
50514
50515
50516
50517
50518
50519
50520
50521
50522
50523
50524
50525
50526
50527
50528
50529
50530
50531
50532
50533
50534
50535
50536
50537
50538
50539
50540
50541
50542
50543
50544
50545
50546
50547
50548
50549
50550
50551
50552
50553
50554
50555
50556
50557
50558
50559
50560
50561
50562
50563
50564
50565
50566
50567
50568
50569
50570
50571
50572
50573
50574
50575
50576
50577
50578
50579
50580
50581
50582
50583
50584
50585
50586
50587
50588
50589
50590
50591
50592
50593
50594
50595
50596
50597
50598
50599
50600
50601
50634
50637
50662
50666
50669
50683
50747
50748
50749
50750
50751
50752
50753
50754
50755
50756
50757
50758
50814
50817
50840
50870
50871
50872
50873
50874
50875
50876
50877
50878
50879
50880
50881
50882
50883
50884
50885
50886
50887
50888
50889
50890
50891
50892
50893
50894
50895
50896
50897
50898
50899
50900
50901
50902
50903
50904
50905
50906
50907
50908
50909
50910
50911
50912
50913
50914
50915
50916
50917
50918
50919
50920
50921
50922
50923
50924
50925
50926
50927
50928
50929
50930
50931
50932
50933
50934
50935
50936
50937
50938
50939
50940
50941
50942
50943
50944
50945
50946
50947
50948
50949
50950
50951
50952
50953
50954
50955
50956
50957
50958
50959
50960
50961
50962
50963
50964
51028
51029
51030
51031
51032
51033
51034
51035
51036
51037
51038
51039
51040
51041
51042
51043
51044
51045
51046
51047
51048
51049
51050
51051
51052
51053
51054
51055
51056
51057
51058
51059
51060
51061
51062
51063
51064
51065
51066
51067
51068
51069
51070
51071
51072
51073
51074
51075
51076
51077
51078
51079
51080
51081
51082
51083
51084
51085
51086
51087
51088
51089
51090
51091
51092
51093
51094
51095
51096
51097
51098
51099
51100
51101
51102
51103
51104
51105
51106
51107
51108
51109
51110
51111
51112
51113
51114
51115
51116
51117
51118
51119
51120
51121
51122
51123
51124
51322
51323
51324
51408
51472
51478
51587
51588
51589
51590
51591
51592
51593
51594
51595
51596
51597
51598
51599
51600
51601
51602
51603
51604
51605
51606
51607
51608
51609
51610
51611
51612
51613
51614
51615
51616
51617
51618
51619
51620
51621
51622
51623
51624
51625
51626
51627
51628
51629
51630
51631
51632
51633
51634
51635
51636
51637
51638
51639
51640
51641
51642
51643
51644
51645
51646
51647
51648
51649
51650
51651
51652
51653
51654
51655
51656
51657
51658
51659
51660
51661
51662
51663
51664
51665
51666
51667
51668
51669
51670
51671
51672
51673
51674
51675
51676
51677
51678
51679
51680
51681
51809
51949
51986
51988
51997
51998
52007
52008
52009
52010
52011
52012
52015
52016
52033
52034
52037
52042
52058
52062
52189
52202
52272
52275
52276
52345
52356
52357
52358
52359
52361
52562
52563
52565
52567
52686
52713
52729
53055
53056
53096
53473
53474
53475
53476
53477
53501
53510
53785
53835
53891
53924
53933
53934
53935
53936
53937
53938
53963
54069
54212
54218
54291
54452
54455
54467
54468
54470
54555
54612
54647
54810
54822
54847
54848
54857
54860
56806